 order_number | product_number | quantity 
--------------+----------------+----------
 1234567890   | 0900276151     |        5
 1234567890   | 1029239402     |        2
 9485730491   | 1234567890     |        1
 9485730491   | 1234567891     |        1
 9485730491   | 1234567892     |        1
 9485730491   | 1234567880     |        1
 9384848340   | 1029239402     |        3
 1238473643   | 2098475123     |        1
 2985738934   | 0900276151     |        1
 2985738934   | 1234567880     |        1
 0009847372   | 6589770381     |        9
 1128375639   | 5678253444     |        1
 5454549838   | 1120939482     |        2
 0999847766   | 2098475123     |        1
 0999847766   | 1347346235     |        1
 0999847766   | 1347346234     |        1
 1123834744   | 6589770381     |        2
 7155255238   | 1234567892     |        1
